2020/09/02-23:15:58.502218 700007c88000 RocksDB version: 5.18.3
2020/09/02-23:15:58.502259 700007c88000 Git sha rocksdb_build_git_sha:641fae60f63619ed5d0c9d9e4c4ea5a0ffa3e253
2020/09/02-23:15:58.502261 700007c88000 Compile date Apr 20 2019
2020/09/02-23:15:58.502261 700007c88000 DB SUMMARY
2020/09/02-23:15:58.502303 700007c88000 CURRENT file:  CURRENT
2020/09/02-23:15:58.502304 700007c88000 IDENTITY file:  IDENTITY
2020/09/02-23:15:58.502308 700007c88000 MANIFEST file:  MANIFEST-000011 size: 349 Bytes
2020/09/02-23:15:58.502309 700007c88000 SST files in ${project.build.sourceDirectory}/server2/raft_data_region_-1_8892/log dir, Total Num: 3, files: 000006.sst 000008.sst 000012.sst 
2020/09/02-23:15:58.502310 700007c88000 Write Ahead Log file in ${project.build.sourceDirectory}/server2/raft_data_region_-1_8892/log: 000013.log size: 77 ; 
2020/09/02-23:15:58.502312 700007c88000                         Options.error_if_exists: 0
2020/09/02-23:15:58.502313 700007c88000                       Options.create_if_missing: 1
2020/09/02-23:15:58.502314 700007c88000                         Options.paranoid_checks: 1
2020/09/02-23:15:58.502315 700007c88000                                     Options.env: 0x923855e08
2020/09/02-23:15:58.502315 700007c88000                                Options.info_log: 0x7fd79e262b80
2020/09/02-23:15:58.502316 700007c88000                Options.max_file_opening_threads: 16
2020/09/02-23:15:58.502317 700007c88000                              Options.statistics: 0x7fd79e056db0
2020/09/02-23:15:58.502317 700007c88000                               Options.use_fsync: 0
2020/09/02-23:15:58.502318 700007c88000                       Options.max_log_file_size: 0
2020/09/02-23:15:58.502319 700007c88000                  Options.max_manifest_file_size: 1073741824
2020/09/02-23:15:58.502319 700007c88000                   Options.log_file_time_to_roll: 0
2020/09/02-23:15:58.502320 700007c88000                       Options.keep_log_file_num: 1000
2020/09/02-23:15:58.502321 700007c88000                    Options.recycle_log_file_num: 0
2020/09/02-23:15:58.502321 700007c88000                         Options.allow_fallocate: 1
2020/09/02-23:15:58.502322 700007c88000                        Options.allow_mmap_reads: 0
2020/09/02-23:15:58.502322 700007c88000                       Options.allow_mmap_writes: 0
2020/09/02-23:15:58.502323 700007c88000                        Options.use_direct_reads: 0
2020/09/02-23:15:58.502324 700007c88000                        Options.use_direct_io_for_flush_and_compaction: 0
2020/09/02-23:15:58.502324 700007c88000          Options.create_missing_column_families: 1
2020/09/02-23:15:58.502325 700007c88000                              Options.db_log_dir: 
2020/09/02-23:15:58.502325 700007c88000                                 Options.wal_dir: ${project.build.sourceDirectory}/server2/raft_data_region_-1_8892/log
2020/09/02-23:15:58.502326 700007c88000                Options.table_cache_numshardbits: 6
2020/09/02-23:15:58.502327 700007c88000                      Options.max_subcompactions: 1
2020/09/02-23:15:58.502327 700007c88000                  Options.max_background_flushes: 1
2020/09/02-23:15:58.502328 700007c88000                         Options.WAL_ttl_seconds: 0
2020/09/02-23:15:58.502328 700007c88000                       Options.WAL_size_limit_MB: 0
2020/09/02-23:15:58.502329 700007c88000             Options.manifest_preallocation_size: 4194304
2020/09/02-23:15:58.502330 700007c88000                     Options.is_fd_close_on_exec: 1
2020/09/02-23:15:58.502330 700007c88000                   Options.advise_random_on_open: 1
2020/09/02-23:15:58.502331 700007c88000                    Options.db_write_buffer_size: 0
2020/09/02-23:15:58.502331 700007c88000                    Options.write_buffer_manager: 0x7fd79e262b30
2020/09/02-23:15:58.502332 700007c88000         Options.access_hint_on_compaction_start: 1
2020/09/02-23:15:58.502333 700007c88000  Options.new_table_reader_for_compaction_inputs: 0
2020/09/02-23:15:58.502333 700007c88000           Options.random_access_max_buffer_size: 1048576
2020/09/02-23:15:58.502334 700007c88000                      Options.use_adaptive_mutex: 0
2020/09/02-23:15:58.502348 700007c88000                            Options.rate_limiter: 0x0
2020/09/02-23:15:58.502351 700007c88000     Options.sst_file_manager.rate_bytes_per_sec: 0
2020/09/02-23:15:58.502351 700007c88000                       Options.wal_recovery_mode: 2
2020/09/02-23:15:58.502352 700007c88000                  Options.enable_thread_tracking: 0
2020/09/02-23:15:58.502353 700007c88000                  Options.enable_pipelined_write: 0
2020/09/02-23:15:58.502354 700007c88000         Options.allow_concurrent_memtable_write: 1
2020/09/02-23:15:58.502355 700007c88000      Options.enable_write_thread_adaptive_yield: 1
2020/09/02-23:15:58.502355 700007c88000             Options.write_thread_max_yield_usec: 100
2020/09/02-23:15:58.502356 700007c88000            Options.write_thread_slow_yield_usec: 3
2020/09/02-23:15:58.502356 700007c88000                               Options.row_cache: None
2020/09/02-23:15:58.502357 700007c88000                              Options.wal_filter: None
2020/09/02-23:15:58.502358 700007c88000             Options.avoid_flush_during_recovery: 0
2020/09/02-23:15:58.502358 700007c88000             Options.allow_ingest_behind: 0
2020/09/02-23:15:58.502359 700007c88000             Options.preserve_deletes: 0
2020/09/02-23:15:58.502360 700007c88000             Options.two_write_queues: 0
2020/09/02-23:15:58.502360 700007c88000             Options.manual_wal_flush: 0
2020/09/02-23:15:58.502361 700007c88000             Options.max_background_jobs: 2
2020/09/02-23:15:58.502361 700007c88000             Options.max_background_compactions: 4
2020/09/02-23:15:58.502362 700007c88000             Options.avoid_flush_during_shutdown: 0
2020/09/02-23:15:58.502363 700007c88000           Options.writable_file_max_buffer_size: 1048576
2020/09/02-23:15:58.502363 700007c88000             Options.delayed_write_rate : 16777216
2020/09/02-23:15:58.502364 700007c88000             Options.max_total_wal_size: 0
2020/09/02-23:15:58.502365 700007c88000             Options.delete_obsolete_files_period_micros: 21600000000
2020/09/02-23:15:58.502365 700007c88000                   Options.stats_dump_period_sec: 600
2020/09/02-23:15:58.502366 700007c88000                          Options.max_open_files: -1
2020/09/02-23:15:58.502367 700007c88000                          Options.bytes_per_sync: 0
2020/09/02-23:15:58.502367 700007c88000                      Options.wal_bytes_per_sync: 0
2020/09/02-23:15:58.502368 700007c88000       Options.compaction_readahead_size: 0
2020/09/02-23:15:58.502368 700007c88000 Compression algorithms supported:
2020/09/02-23:15:58.502371 700007c88000 	kZSTD supported: 1
2020/09/02-23:15:58.502372 700007c88000 	kZlibCompression supported: 1
2020/09/02-23:15:58.502373 700007c88000 	kXpressCompression supported: 0
2020/09/02-23:15:58.502373 700007c88000 	kSnappyCompression supported: 1
2020/09/02-23:15:58.502374 700007c88000 	kZSTDNotFinalCompression supported: 1
2020/09/02-23:15:58.502375 700007c88000 	kLZ4HCCompression supported: 1
2020/09/02-23:15:58.502375 700007c88000 	kLZ4Compression supported: 1
2020/09/02-23:15:58.502376 700007c88000 	kBZip2Compression supported: 1
2020/09/02-23:15:58.502378 700007c88000 Fast CRC32 supported: Not supported on x86
2020/09/02-23:15:58.502492 700007c88000 [/version_set.cc:3508] Recovering from manifest file: MANIFEST-000011
2020/09/02-23:15:58.502518 700007c88000 [/column_family.cc:474] --------------- Options for column family [default]:
2020/09/02-23:15:58.502520 700007c88000               Options.comparator: leveldb.BytewiseComparator
2020/09/02-23:15:58.502521 700007c88000           Options.merge_operator: StringAppendOperator
2020/09/02-23:15:58.502523 700007c88000        Options.compaction_filter: None
2020/09/02-23:15:58.502523 700007c88000        Options.compaction_filter_factory: None
2020/09/02-23:15:58.502524 700007c88000         Options.memtable_factory: SkipListFactory
2020/09/02-23:15:58.502525 700007c88000            Options.table_factory: BlockBasedTable
2020/09/02-23:15:58.502538 700007c88000            table_factory options:   flush_block_policy_factory: FlushBlockBySizePolicyFactory (0x7fd79e244620)
  cache_index_and_filter_blocks: 0
  cache_index_and_filter_blocks_with_high_priority: 1
  pin_l0_filter_and_index_blocks_in_cache: 1
  pin_top_level_index_and_filter: 1
  index_type: 2
  hash_index_allow_collision: 1
  checksum: 1
  no_block_cache: 0
  block_cache: 0x7fd79e25a5a8
  block_cache_name: LRUCache
  block_cache_options:
    capacity : 536870912
    num_shard_bits : 8
    strict_capacity_limit : 0
    memory_allocator : None
    high_pri_pool_ratio: 0.000
  block_cache_compressed: 0x0
  persistent_cache: 0x0
  block_size: 4096
  block_size_deviation: 10
  block_restart_interval: 16
  index_block_restart_interval: 1
  metadata_block_size: 8192
  partition_filters: 1
  use_delta_encoding: 1
  filter_policy: nullptr
  whole_key_filtering: 1
  verify_compression: 0
  read_amp_bytes_per_bit: 0
  format_version: 0
  enable_index_compression: 1
  block_align: 0
2020/09/02-23:15:58.502554 700007c88000        Options.write_buffer_size: 134217728
2020/09/02-23:15:58.502555 700007c88000  Options.max_write_buffer_number: 6
2020/09/02-23:15:58.502555 700007c88000        Options.compression[0]: NoCompression
2020/09/02-23:15:58.502556 700007c88000        Options.compression[1]: NoCompression
2020/09/02-23:15:58.502557 700007c88000        Options.compression[2]: Snappy
2020/09/02-23:15:58.502557 700007c88000        Options.compression[3]: Snappy
2020/09/02-23:15:58.502558 700007c88000        Options.compression[4]: Snappy
2020/09/02-23:15:58.502559 700007c88000        Options.compression[5]: Snappy
2020/09/02-23:15:58.502559 700007c88000        Options.compression[6]: Snappy
2020/09/02-23:15:58.502560 700007c88000                  Options.bottommost_compression: Disabled
2020/09/02-23:15:58.502560 700007c88000       Options.prefix_extractor: rocksdb.FixedPrefix.8
2020/09/02-23:15:58.502561 700007c88000   Options.memtable_insert_with_hint_prefix_extractor: nullptr
2020/09/02-23:15:58.502562 700007c88000             Options.num_levels: 7
2020/09/02-23:15:58.502562 700007c88000        Options.min_write_buffer_number_to_merge: 2
2020/09/02-23:15:58.502563 700007c88000     Options.max_write_buffer_number_to_maintain: 0
2020/09/02-23:15:58.502564 700007c88000            Options.bottommost_compression_opts.window_bits: -14
2020/09/02-23:15:58.502564 700007c88000                  Options.bottommost_compression_opts.level: 32767
2020/09/02-23:15:58.502565 700007c88000               Options.bottommost_compression_opts.strategy: 0
2020/09/02-23:15:58.502566 700007c88000         Options.bottommost_compression_opts.max_dict_bytes: 0
2020/09/02-23:15:58.502566 700007c88000         Options.bottommost_compression_opts.zstd_max_train_bytes: 0
2020/09/02-23:15:58.502567 700007c88000                  Options.bottommost_compression_opts.enabled: false
2020/09/02-23:15:58.502568 700007c88000            Options.compression_opts.window_bits: -14
2020/09/02-23:15:58.502568 700007c88000                  Options.compression_opts.level: 32767
2020/09/02-23:15:58.502569 700007c88000               Options.compression_opts.strategy: 0
2020/09/02-23:15:58.502569 700007c88000         Options.compression_opts.max_dict_bytes: 0
2020/09/02-23:15:58.502570 700007c88000         Options.compression_opts.zstd_max_train_bytes: 0
2020/09/02-23:15:58.502571 700007c88000                  Options.compression_opts.enabled: false
2020/09/02-23:15:58.502571 700007c88000      Options.level0_file_num_compaction_trigger: 2
2020/09/02-23:15:58.502572 700007c88000          Options.level0_slowdown_writes_trigger: 20
2020/09/02-23:15:58.502572 700007c88000              Options.level0_stop_writes_trigger: 40
2020/09/02-23:15:58.502573 700007c88000                   Options.target_file_size_base: 67108864
2020/09/02-23:15:58.502574 700007c88000             Options.target_file_size_multiplier: 1
2020/09/02-23:15:58.502574 700007c88000                Options.max_bytes_for_level_base: 536870912
2020/09/02-23:15:58.502575 700007c88000 Options.level_compaction_dynamic_level_bytes: 0
2020/09/02-23:15:58.502584 700007c88000          Options.max_bytes_for_level_multiplier: 10.000000
2020/09/02-23:15:58.502586 700007c88000 Options.max_bytes_for_level_multiplier_addtl[0]: 1
2020/09/02-23:15:58.502587 700007c88000 Options.max_bytes_for_level_multiplier_addtl[1]: 1
2020/09/02-23:15:58.502587 700007c88000 Options.max_bytes_for_level_multiplier_addtl[2]: 1
2020/09/02-23:15:58.502588 700007c88000 Options.max_bytes_for_level_multiplier_addtl[3]: 1
2020/09/02-23:15:58.502588 700007c88000 Options.max_bytes_for_level_multiplier_addtl[4]: 1
2020/09/02-23:15:58.502589 700007c88000 Options.max_bytes_for_level_multiplier_addtl[5]: 1
2020/09/02-23:15:58.502590 700007c88000 Options.max_bytes_for_level_multiplier_addtl[6]: 1
2020/09/02-23:15:58.502590 700007c88000       Options.max_sequential_skip_in_iterations: 8
2020/09/02-23:15:58.502591 700007c88000                    Options.max_compaction_bytes: 1677721600
2020/09/02-23:15:58.502591 700007c88000                        Options.arena_block_size: 16777216
2020/09/02-23:15:58.502592 700007c88000   Options.soft_pending_compaction_bytes_limit: 68719476736
2020/09/02-23:15:58.502593 700007c88000   Options.hard_pending_compaction_bytes_limit: 274877906944
2020/09/02-23:15:58.502593 700007c88000       Options.rate_limit_delay_max_milliseconds: 100
2020/09/02-23:15:58.502594 700007c88000                Options.disable_auto_compactions: 0
2020/09/02-23:15:58.502595 700007c88000                        Options.compaction_style: kCompactionStyleLevel
2020/09/02-23:15:58.502596 700007c88000                          Options.compaction_pri: kByCompensatedSize
2020/09/02-23:15:58.502596 700007c88000 Options.compaction_options_universal.size_ratio: 1
2020/09/02-23:15:58.502597 700007c88000 Options.compaction_options_universal.min_merge_width: 2
2020/09/02-23:15:58.502598 700007c88000 Options.compaction_options_universal.max_merge_width: 4294967295
2020/09/02-23:15:58.502598 700007c88000 Options.compaction_options_universal.max_size_amplification_percent: 200
2020/09/02-23:15:58.502599 700007c88000 Options.compaction_options_universal.compression_size_percent: -1
2020/09/02-23:15:58.502600 700007c88000 Options.compaction_options_universal.stop_style: kCompactionStopStyleTotalSize
2020/09/02-23:15:58.502600 700007c88000 Options.compaction_options_fifo.max_table_files_size: 1073741824
2020/09/02-23:15:58.502601 700007c88000 Options.compaction_options_fifo.allow_compaction: 0
2020/09/02-23:15:58.502602 700007c88000 Options.compaction_options_fifo.ttl: 0
2020/09/02-23:15:58.502602 700007c88000                   Options.table_properties_collectors: 
2020/09/02-23:15:58.502603 700007c88000                   Options.inplace_update_support: 0
2020/09/02-23:15:58.502603 700007c88000                 Options.inplace_update_num_locks: 10000
2020/09/02-23:15:58.502604 700007c88000               Options.memtable_prefix_bloom_size_ratio: 0.125000
2020/09/02-23:15:58.502605 700007c88000   Options.memtable_huge_page_size: 0
2020/09/02-23:15:58.502606 700007c88000                           Options.bloom_locality: 0
2020/09/02-23:15:58.502606 700007c88000                    Options.max_successive_merges: 0
2020/09/02-23:15:58.502607 700007c88000                Options.optimize_filters_for_hits: 0
2020/09/02-23:15:58.502607 700007c88000                Options.paranoid_file_checks: 0
2020/09/02-23:15:58.502608 700007c88000                Options.force_consistency_checks: 1
2020/09/02-23:15:58.502609 700007c88000                Options.report_bg_io_stats: 0
2020/09/02-23:15:58.502609 700007c88000                               Options.ttl: 0
2020/09/02-23:15:58.507875 700007c88000 [/column_family.cc:474] --------------- Options for column family [Configuration]:
2020/09/02-23:15:58.507880 700007c88000               Options.comparator: leveldb.BytewiseComparator
2020/09/02-23:15:58.507881 700007c88000           Options.merge_operator: StringAppendOperator
2020/09/02-23:15:58.507882 700007c88000        Options.compaction_filter: None
2020/09/02-23:15:58.507883 700007c88000        Options.compaction_filter_factory: None
2020/09/02-23:15:58.507913 700007c88000         Options.memtable_factory: SkipListFactory
2020/09/02-23:15:58.507914 700007c88000            Options.table_factory: BlockBasedTable
2020/09/02-23:15:58.507924 700007c88000            table_factory options:   flush_block_policy_factory: FlushBlockBySizePolicyFactory (0x7fd79e244620)
  cache_index_and_filter_blocks: 0
  cache_index_and_filter_blocks_with_high_priority: 1
  pin_l0_filter_and_index_blocks_in_cache: 1
  pin_top_level_index_and_filter: 1
  index_type: 2
  hash_index_allow_collision: 1
  checksum: 1
  no_block_cache: 0
  block_cache: 0x7fd79e25a5a8
  block_cache_name: LRUCache
  block_cache_options:
    capacity : 536870912
    num_shard_bits : 8
    strict_capacity_limit : 0
    memory_allocator : None
    high_pri_pool_ratio: 0.000
  block_cache_compressed: 0x0
  persistent_cache: 0x0
  block_size: 4096
  block_size_deviation: 10
  block_restart_interval: 16
  index_block_restart_interval: 1
  metadata_block_size: 8192
  partition_filters: 1
  use_delta_encoding: 1
  filter_policy: nullptr
  whole_key_filtering: 1
  verify_compression: 0
  read_amp_bytes_per_bit: 0
  format_version: 0
  enable_index_compression: 1
  block_align: 0
2020/09/02-23:15:58.507925 700007c88000        Options.write_buffer_size: 134217728
2020/09/02-23:15:58.507926 700007c88000  Options.max_write_buffer_number: 6
2020/09/02-23:15:58.507927 700007c88000        Options.compression[0]: NoCompression
2020/09/02-23:15:58.507928 700007c88000        Options.compression[1]: NoCompression
2020/09/02-23:15:58.507928 700007c88000        Options.compression[2]: Snappy
2020/09/02-23:15:58.507929 700007c88000        Options.compression[3]: Snappy
2020/09/02-23:15:58.507929 700007c88000        Options.compression[4]: Snappy
2020/09/02-23:15:58.507930 700007c88000        Options.compression[5]: Snappy
2020/09/02-23:15:58.507931 700007c88000        Options.compression[6]: Snappy
2020/09/02-23:15:58.507931 700007c88000                  Options.bottommost_compression: Disabled
2020/09/02-23:15:58.507932 700007c88000       Options.prefix_extractor: rocksdb.FixedPrefix.8
2020/09/02-23:15:58.507933 700007c88000   Options.memtable_insert_with_hint_prefix_extractor: nullptr
2020/09/02-23:15:58.507933 700007c88000             Options.num_levels: 7
2020/09/02-23:15:58.507934 700007c88000        Options.min_write_buffer_number_to_merge: 2
2020/09/02-23:15:58.507934 700007c88000     Options.max_write_buffer_number_to_maintain: 0
2020/09/02-23:15:58.507935 700007c88000            Options.bottommost_compression_opts.window_bits: -14
2020/09/02-23:15:58.507936 700007c88000                  Options.bottommost_compression_opts.level: 32767
2020/09/02-23:15:58.507936 700007c88000               Options.bottommost_compression_opts.strategy: 0
2020/09/02-23:15:58.507937 700007c88000         Options.bottommost_compression_opts.max_dict_bytes: 0
2020/09/02-23:15:58.507938 700007c88000         Options.bottommost_compression_opts.zstd_max_train_bytes: 0
2020/09/02-23:15:58.507938 700007c88000                  Options.bottommost_compression_opts.enabled: false
2020/09/02-23:15:58.507939 700007c88000            Options.compression_opts.window_bits: -14
2020/09/02-23:15:58.507940 700007c88000                  Options.compression_opts.level: 32767
2020/09/02-23:15:58.507940 700007c88000               Options.compression_opts.strategy: 0
2020/09/02-23:15:58.507941 700007c88000         Options.compression_opts.max_dict_bytes: 0
2020/09/02-23:15:58.507941 700007c88000         Options.compression_opts.zstd_max_train_bytes: 0
2020/09/02-23:15:58.507942 700007c88000                  Options.compression_opts.enabled: false
2020/09/02-23:15:58.507943 700007c88000      Options.level0_file_num_compaction_trigger: 2
2020/09/02-23:15:58.507943 700007c88000          Options.level0_slowdown_writes_trigger: 20
2020/09/02-23:15:58.507944 700007c88000              Options.level0_stop_writes_trigger: 40
2020/09/02-23:15:58.507944 700007c88000                   Options.target_file_size_base: 67108864
2020/09/02-23:15:58.507945 700007c88000             Options.target_file_size_multiplier: 1
2020/09/02-23:15:58.507954 700007c88000                Options.max_bytes_for_level_base: 536870912
2020/09/02-23:15:58.507955 700007c88000 Options.level_compaction_dynamic_level_bytes: 0
2020/09/02-23:15:58.507956 700007c88000          Options.max_bytes_for_level_multiplier: 10.000000
2020/09/02-23:15:58.507957 700007c88000 Options.max_bytes_for_level_multiplier_addtl[0]: 1
2020/09/02-23:15:58.507957 700007c88000 Options.max_bytes_for_level_multiplier_addtl[1]: 1
2020/09/02-23:15:58.507958 700007c88000 Options.max_bytes_for_level_multiplier_addtl[2]: 1
2020/09/02-23:15:58.507959 700007c88000 Options.max_bytes_for_level_multiplier_addtl[3]: 1
2020/09/02-23:15:58.507959 700007c88000 Options.max_bytes_for_level_multiplier_addtl[4]: 1
2020/09/02-23:15:58.507960 700007c88000 Options.max_bytes_for_level_multiplier_addtl[5]: 1
2020/09/02-23:15:58.507961 700007c88000 Options.max_bytes_for_level_multiplier_addtl[6]: 1
2020/09/02-23:15:58.507961 700007c88000       Options.max_sequential_skip_in_iterations: 8
2020/09/02-23:15:58.507962 700007c88000                    Options.max_compaction_bytes: 1677721600
2020/09/02-23:15:58.507962 700007c88000                        Options.arena_block_size: 16777216
2020/09/02-23:15:58.507963 700007c88000   Options.soft_pending_compaction_bytes_limit: 68719476736
2020/09/02-23:15:58.507964 700007c88000   Options.hard_pending_compaction_bytes_limit: 274877906944
2020/09/02-23:15:58.507964 700007c88000       Options.rate_limit_delay_max_milliseconds: 100
2020/09/02-23:15:58.507965 700007c88000                Options.disable_auto_compactions: 0
2020/09/02-23:15:58.507966 700007c88000                        Options.compaction_style: kCompactionStyleLevel
2020/09/02-23:15:58.507967 700007c88000                          Options.compaction_pri: kByCompensatedSize
2020/09/02-23:15:58.507968 700007c88000 Options.compaction_options_universal.size_ratio: 1
2020/09/02-23:15:58.507968 700007c88000 Options.compaction_options_universal.min_merge_width: 2
2020/09/02-23:15:58.507969 700007c88000 Options.compaction_options_universal.max_merge_width: 4294967295
2020/09/02-23:15:58.507969 700007c88000 Options.compaction_options_universal.max_size_amplification_percent: 200
2020/09/02-23:15:58.507970 700007c88000 Options.compaction_options_universal.compression_size_percent: -1
2020/09/02-23:15:58.507971 700007c88000 Options.compaction_options_universal.stop_style: kCompactionStopStyleTotalSize
2020/09/02-23:15:58.507971 700007c88000 Options.compaction_options_fifo.max_table_files_size: 1073741824
2020/09/02-23:15:58.507972 700007c88000 Options.compaction_options_fifo.allow_compaction: 0
2020/09/02-23:15:58.507973 700007c88000 Options.compaction_options_fifo.ttl: 0
2020/09/02-23:15:58.507973 700007c88000                   Options.table_properties_collectors: 
2020/09/02-23:15:58.507974 700007c88000                   Options.inplace_update_support: 0
2020/09/02-23:15:58.507974 700007c88000                 Options.inplace_update_num_locks: 10000
2020/09/02-23:15:58.507975 700007c88000               Options.memtable_prefix_bloom_size_ratio: 0.125000
2020/09/02-23:15:58.507976 700007c88000   Options.memtable_huge_page_size: 0
2020/09/02-23:15:58.507976 700007c88000                           Options.bloom_locality: 0
2020/09/02-23:15:58.507977 700007c88000                    Options.max_successive_merges: 0
2020/09/02-23:15:58.507978 700007c88000                Options.optimize_filters_for_hits: 0
2020/09/02-23:15:58.507978 700007c88000                Options.paranoid_file_checks: 0
2020/09/02-23:15:58.507979 700007c88000                Options.force_consistency_checks: 1
2020/09/02-23:15:58.507979 700007c88000                Options.report_bg_io_stats: 0
2020/09/02-23:15:58.507980 700007c88000                               Options.ttl: 0
2020/09/02-23:15:58.513526 700007c88000 [/version_set.cc:3724] Recovered from manifest file:${project.build.sourceDirectory}/server2/raft_data_region_-1_8892/log/MANIFEST-000011 succeeded,manifest_file_number is 11, next_file_number is 17, last_sequence is 5, log_number is 0,prev_log_number is 0,max_column_family is 1,min_log_number_to_keep is 0
2020/09/02-23:15:58.513551 700007c88000 [/version_set.cc:3732] Column family [default] (ID 0), log number is 10
2020/09/02-23:15:58.513553 700007c88000 [/version_set.cc:3732] Column family [Configuration] (ID 1), log number is 10
2020/09/02-23:15:58.513669 700007c88000 EVENT_LOG_v1 {"time_micros": 1599113758513658, "job": 1, "event": "recovery_started", "log_files": [13]}
2020/09/02-23:15:58.513677 700007c88000 [/db_impl_open.cc:578] Recovering log #13 mode 2
2020/09/02-23:15:58.514132 700007c88000 EVENT_LOG_v1 {"time_micros": 1599113758514126, "cf_name": "default", "job": 1, "event": "table_file_creation", "file_number": 17, "file_size": 723, "table_properties": {"data_size": 0, "index_size": 13, "filter_size": 0, "raw_key_size": 16, "raw_average_key_size": 0, "raw_value_size": 8, "raw_average_value_size": 0, "num_data_blocks": 0, "num_entries": 0, "filter_policy_name": ""}}
2020/09/02-23:15:58.514807 700007c88000 [/version_set.cc:3037] Creating manifest 18
2020/09/02-23:15:58.515628 700007c88000 EVENT_LOG_v1 {"time_micros": 1599113758515620, "cf_name": "Configuration", "job": 1, "event": "table_file_creation", "file_number": 19, "file_size": 729, "table_properties": {"data_size": 0, "index_size": 13, "filter_size": 0, "raw_key_size": 16, "raw_average_key_size": 0, "raw_value_size": 8, "raw_average_value_size": 0, "num_data_blocks": 0, "num_entries": 0, "filter_policy_name": ""}}
2020/09/02-23:15:58.516402 700007c88000 EVENT_LOG_v1 {"time_micros": 1599113758516399, "job": 1, "event": "recovery_finished"}
2020/09/02-23:15:58.519432 700007c88000 [/db_impl_open.cc:1314] DB pointer 0x7fd79f06c600
2020/09/02-23:15:58.519647 70000a692000 [WARN] [/db_impl.cc:669] ------- DUMPING STATS -------
2020/09/02-23:15:58.519652 70000a692000 [WARN] [/db_impl.cc:670] 
** DB Stats **
Uptime(secs): 0.0 total, 0.0 interval
Cumulative writes: 0 writes, 0 keys, 0 commit groups, 0.0 writes per commit group, ingest: 0.00 GB, 0.00 MB/s
Cumulative WAL: 0 writes, 0 syncs, 0.00 writes per sync, written: 0.00 GB, 0.00 MB/s
Cumulative stall: 00:00:0.000 H:M:S, 0.0 percent
Interval writes: 0 writes, 0 keys, 0 commit groups, 0.0 writes per commit group, ingest: 0.00 MB, 0.00 MB/s
Interval WAL: 0 writes, 0 syncs, 0.00 writes per sync, written: 0.00 MB, 0.00 MB/s
Interval stall: 00:00:0.000 H:M:S, 0.0 percent

** Compaction Stats [default] **
Level    Files   Size     Score Read(GB)  Rn(GB) Rnp1(GB) Write(GB) Wnew(GB) Moved(GB) W-Amp Rd(MB/s) Wr(MB/s) Comp(sec) Comp(cnt) Avg(sec) KeyIn KeyDrop
----------------------------------------------------------------------------------------------------------------------------------------------------------
  L0      2/2    1.59 KB   0.0      0.0     0.0      0.0       0.0      0.0       0.0   1.0      0.0      1.6         0         1    0.000       0      0
 Sum      2/2    1.59 KB   0.0      0.0     0.0      0.0       0.0      0.0       0.0   1.0      0.0      1.6         0         1    0.000       0      0
 Int      0/0    0.00 KB   0.0      0.0     0.0      0.0       0.0      0.0       0.0   1.0      0.0      1.6         0         1    0.000       0      0
Uptime(secs): 0.0 total, 0.0 interval
Flush(GB): cumulative 0.000, interval 0.000
AddFile(GB): cumulative 0.000, interval 0.000
AddFile(Total Files): cumulative 0, interval 0
AddFile(L0 Files): cumulative 0, interval 0
AddFile(Keys): cumulative 0, interval 0
Cumulative compaction: 0.00 GB write, 0.04 MB/s write, 0.00 GB read, 0.00 MB/s read, 0.0 seconds
Interval compaction: 0.00 GB write, 0.04 MB/s write, 0.00 GB read, 0.00 MB/s read, 0.0 seconds
Stalls(count): 0 level0_slowdown, 0 level0_slowdown_with_compaction, 0 level0_numfiles, 0 level0_numfiles_with_compaction, 0 stop for pending_compaction_bytes, 0 slowdown for pending_compaction_bytes, 0 memtable_compaction, 0 memtable_slowdown, interval 0 total count

** File Read Latency Histogram By Level [default] **
** Level 0 read latency histogram (micros):
Count: 10 Average: 5.1000  StdDev: 8.17
Min: 0  Median: 0.8333  Max: 25
Percentiles: P50: 0.83 P75: 1.75 P99: 25.00 P99.9: 25.00 P99.99: 25.00
------------------------------------------------------
[       0,       1 ]        6  60.000%  60.000% ############
(       1,       2 ]        2  20.000%  80.000% ####
(      15,      22 ]        1  10.000%  90.000% ##
(      22,      34 ]        1  10.000% 100.000% ##


** Compaction Stats [Configuration] **
Level    Files   Size     Score Read(GB)  Rn(GB) Rnp1(GB) Write(GB) Wnew(GB) Moved(GB) W-Amp Rd(MB/s) Wr(MB/s) Comp(sec) Comp(cnt) Avg(sec) KeyIn KeyDrop
----------------------------------------------------------------------------------------------------------------------------------------------------------
  L0      2/0    1.49 KB   1.0      0.0     0.0      0.0       0.0      0.0       0.0   1.0      0.0      2.3         0         1    0.000       0      0
  L1      1/0    0.89 KB   0.0      0.0     0.0      0.0       0.0      0.0       0.0   0.0      0.0      0.0         0         0    0.000       0      0
 Sum      3/0    2.38 KB   0.0      0.0     0.0      0.0       0.0      0.0       0.0   1.0      0.0      2.3         0         1    0.000       0      0
 Int      0/0    0.00 KB   0.0      0.0     0.0      0.0       0.0      0.0       0.0   1.0      0.0      2.3         0         1    0.000       0      0
Uptime(secs): 0.0 total, 0.0 interval
Flush(GB): cumulative 0.000, interval 0.000
AddFile(GB): cumulative 0.000, interval 0.000
AddFile(Total Files): cumulative 0, interval 0
AddFile(L0 Files): cumulative 0, interval 0
AddFile(Keys): cumulative 0, interval 0
Cumulative compaction: 0.00 GB write, 0.06 MB/s write, 0.00 GB read, 0.00 MB/s read, 0.0 seconds
Interval compaction: 0.00 GB write, 0.06 MB/s write, 0.00 GB read, 0.00 MB/s read, 0.0 seconds
Stalls(count): 0 level0_slowdown, 0 level0_slowdown_with_compaction, 0 level0_numfiles, 0 level0_numfiles_with_compaction, 0 stop for pending_compaction_bytes, 0 slowdown for pending_compaction_bytes, 0 memtable_compaction, 0 memtable_slowdown, interval 0 total count

** File Read Latency Histogram By Level [Configuration] **
** Level 0 read latency histogram (micros):
Count: 10 Average: 1.3000  StdDev: 1.00
Min: 0  Median: 0.7143  Max: 3
Percentiles: P50: 0.71 P75: 1.50 P99: 2.95 P99.9: 3.00 P99.99: 3.00
------------------------------------------------------
[       0,       1 ]        7  70.000%  70.000% ##############
(       1,       2 ]        1  10.000%  80.000% ##
(       2,       3 ]        2  20.000% 100.000% ####

** Level 1 read latency histogram (micros):
Count: 4 Average: 2.0000  StdDev: 0.71
Min: 1  Median: 1.5000  Max: 3
Percentiles: P50: 1.50 P75: 2.00 P99: 2.96 P99.9: 3.00 P99.99: 3.00
------------------------------------------------------
[       0,       1 ]        1  25.000%  25.000% #####
(       1,       2 ]        2  50.000%  75.000% ##########
(       2,       3 ]        1  25.000% 100.000% #####


** Compaction Stats [default] **
Level    Files   Size     Score Read(GB)  Rn(GB) Rnp1(GB) Write(GB) Wnew(GB) Moved(GB) W-Amp Rd(MB/s) Wr(MB/s) Comp(sec) Comp(cnt) Avg(sec) KeyIn KeyDrop
----------------------------------------------------------------------------------------------------------------------------------------------------------
  L0      2/2    1.59 KB   0.0      0.0     0.0      0.0       0.0      0.0       0.0   1.0      0.0      1.6         0         1    0.000       0      0
 Sum      2/2    1.59 KB   0.0      0.0     0.0      0.0       0.0      0.0       0.0   1.0      0.0      1.6         0         1    0.000       0      0
 Int      0/0    0.00 KB   0.0      0.0     0.0      0.0       0.0      0.0       0.0   0.0      0.0      0.0         0         0    0.000       0      0
Uptime(secs): 0.0 total, 0.0 interval
Flush(GB): cumulative 0.000, interval 0.000
AddFile(GB): cumulative 0.000, interval 0.000
AddFile(Total Files): cumulative 0, interval 0
AddFile(L0 Files): cumulative 0, interval 0
AddFile(Keys): cumulative 0, interval 0
Cumulative compaction: 0.00 GB write, 0.04 MB/s write, 0.00 GB read, 0.00 MB/s read, 0.0 seconds
Interval compaction: 0.00 GB write, 0.00 MB/s write, 0.00 GB read, 0.00 MB/s read, 0.0 seconds
Stalls(count): 0 level0_slowdown, 0 level0_slowdown_with_compaction, 0 level0_numfiles, 0 level0_numfiles_with_compaction, 0 stop for pending_compaction_bytes, 0 slowdown for pending_compaction_bytes, 0 memtable_compaction, 0 memtable_slowdown, interval 0 total count

** File Read Latency Histogram By Level [default] **
** Level 0 read latency histogram (micros):
Count: 10 Average: 5.1000  StdDev: 8.17
Min: 0  Median: 0.8333  Max: 25
Percentiles: P50: 0.83 P75: 1.75 P99: 25.00 P99.9: 25.00 P99.99: 25.00
------------------------------------------------------
[       0,       1 ]        6  60.000%  60.000% ############
(       1,       2 ]        2  20.000%  80.000% ####
(      15,      22 ]        1  10.000%  90.000% ##
(      22,      34 ]        1  10.000% 100.000% ##


** Compaction Stats [Configuration] **
Level    Files   Size     Score Read(GB)  Rn(GB) Rnp1(GB) Write(GB) Wnew(GB) Moved(GB) W-Amp Rd(MB/s) Wr(MB/s) Comp(sec) Comp(cnt) Avg(sec) KeyIn KeyDrop
----------------------------------------------------------------------------------------------------------------------------------------------------------
  L0      2/0    1.49 KB   1.0      0.0     0.0      0.0       0.0      0.0       0.0   1.0      0.0      2.3         0         1    0.000       0      0
  L1      1/0    0.89 KB   0.0      0.0     0.0      0.0       0.0      0.0       0.0   0.0      0.0      0.0         0         0    0.000       0      0
 Sum      3/0    2.38 KB   0.0      0.0     0.0      0.0       0.0      0.0       0.0   1.0      0.0      2.3         0         1    0.000       0      0
 Int      0/0    0.00 KB   0.0      0.0     0.0      0.0       0.0      0.0       0.0   0.0      0.0      0.0         0         0    0.000       0      0
Uptime(secs): 0.0 total, 0.0 interval
Flush(GB): cumulative 0.000, interval 0.000
AddFile(GB): cumulative 0.000, interval 0.000
AddFile(Total Files): cumulative 0, interval 0
AddFile(L0 Files): cumulative 0, interval 0
AddFile(Keys): cumulative 0, interval 0
Cumulative compaction: 0.00 GB write, 0.06 MB/s write, 0.00 GB read, 0.00 MB/s read, 0.0 seconds
Interval compaction: 0.00 GB write, 0.00 MB/s write, 0.00 GB read, 0.00 MB/s read, 0.0 seconds
Stalls(count): 0 level0_slowdown, 0 level0_slowdown_with_compaction, 0 level0_numfiles, 0 level0_numfiles_with_compaction, 0 stop for pending_compaction_bytes, 0 slowdown for pending_compaction_bytes, 0 memtable_compaction, 0 memtable_slowdown, interval 0 total count

** File Read Latency Histogram By Level [Configuration] **
** Level 0 read latency histogram (micros):
Count: 10 Average: 1.3000  StdDev: 1.00
Min: 0  Median: 0.7143  Max: 3
Percentiles: P50: 0.71 P75: 1.50 P99: 2.95 P99.9: 3.00 P99.99: 3.00
------------------------------------------------------
[       0,       1 ]        7  70.000%  70.000% ##############
(       1,       2 ]        1  10.000%  80.000% ##
(       2,       3 ]        2  20.000% 100.000% ####

** Level 1 read latency histogram (micros):
Count: 4 Average: 2.0000  StdDev: 0.71
Min: 1  Median: 1.5000  Max: 3
Percentiles: P50: 1.50 P75: 2.00 P99: 2.96 P99.9: 3.00 P99.99: 3.00
------------------------------------------------------
[       0,       1 ]        1  25.000%  25.000% #####
(       1,       2 ]        2  50.000%  75.000% ##########
(       2,       3 ]        1  25.000% 100.000% #####

2020/09/02-23:15:58.519678 70000a380000 (Original Log Time 2020/09/02-23:15:58.519418) [/db_impl_compaction_flush.cc:2466] [default] Moving #17 to level-1 723 bytes
2020/09/02-23:15:58.519680 70000a380000 (Original Log Time 2020/09/02-23:15:58.519420) [/db_impl_compaction_flush.cc:2466] [default] Moving #6 to level-1 908 bytes
2020/09/02-23:15:58.519681 70000a380000 (Original Log Time 2020/09/02-23:15:58.519660) EVENT_LOG_v1 {"time_micros": 1599113758519656, "job": 3, "event": "trivial_move", "destination_level": 1, "files": 2, "total_files_size": 1631}
2020/09/02-23:15:58.519682 70000a380000 (Original Log Time 2020/09/02-23:15:58.519664) [/db_impl_compaction_flush.cc:2495] [default] Moved #2 files to level-1 1631 bytes OK: files[0 2 0 0 0 0 0] max score 0.00
2020/09/02-23:15:58.519844 70000a380000 (Original Log Time 2020/09/02-23:15:58.519720) [/db_impl_compaction_flush.cc:2466] [Configuration] Moving #12 to level-1 792 bytes
2020/09/02-23:15:58.519846 70000a380000 (Original Log Time 2020/09/02-23:15:58.519833) EVENT_LOG_v1 {"time_micros": 1599113758519830, "job": 4, "event": "trivial_move", "destination_level": 1, "files": 1, "total_files_size": 792}
2020/09/02-23:15:58.519847 70000a380000 (Original Log Time 2020/09/02-23:15:58.519835) [/db_impl_compaction_flush.cc:2495] [Configuration] Moved #1 files to level-1 792 bytes OK: files[1 2 0 0 0 0 0] max score 0.50
2020/09/02-23:15:58.520091 70000a692000 [WARN] [/db_impl.cc:617] STATISTICS:
 rocksdb.block.cache.miss COUNT : 4
rocksdb.block.cache.hit COUNT : 0
rocksdb.block.cache.add COUNT : 4
rocksdb.block.cache.add.failures COUNT : 0
rocksdb.block.cache.index.miss COUNT : 2
rocksdb.block.cache.index.hit COUNT : 0
rocksdb.block.cache.index.add COUNT : 2
rocksdb.block.cache.index.bytes.insert COUNT : 205
rocksdb.block.cache.index.bytes.evict COUNT : 0
rocksdb.block.cache.filter.miss COUNT : 0
rocksdb.block.cache.filter.hit COUNT : 0
rocksdb.block.cache.filter.add COUNT : 0
rocksdb.block.cache.filter.bytes.insert COUNT : 0
rocksdb.block.cache.filter.bytes.evict COUNT : 0
rocksdb.block.cache.data.miss COUNT : 2
rocksdb.block.cache.data.hit COUNT : 0
rocksdb.block.cache.data.add COUNT : 2
rocksdb.block.cache.data.bytes.insert COUNT : 230
rocksdb.block.cache.bytes.read COUNT : 0
rocksdb.block.cache.bytes.write COUNT : 435
rocksdb.bloom.filter.useful COUNT : 0
rocksdb.bloom.filter.full.positive COUNT : 0
rocksdb.bloom.filter.full.true.positive COUNT : 0
rocksdb.persistent.cache.hit COUNT : 0
rocksdb.persistent.cache.miss COUNT : 0
rocksdb.sim.block.cache.hit COUNT : 0
rocksdb.sim.block.cache.miss COUNT : 0
rocksdb.memtable.hit COUNT : 0
rocksdb.memtable.miss COUNT : 0
rocksdb.l0.hit COUNT : 0
rocksdb.l1.hit COUNT : 0
rocksdb.l2andup.hit COUNT : 0
rocksdb.compaction.key.drop.new COUNT : 0
rocksdb.compaction.key.drop.obsolete COUNT : 0
rocksdb.compaction.key.drop.range_del COUNT : 0
rocksdb.compaction.key.drop.user COUNT : 0
rocksdb.compaction.range_del.drop.obsolete COUNT : 0
rocksdb.compaction.optimized.del.drop.obsolete COUNT : 0
rocksdb.compaction.cancelled COUNT : 0
rocksdb.number.keys.written COUNT : 0
rocksdb.number.keys.read COUNT : 0
rocksdb.number.keys.updated COUNT : 0
rocksdb.bytes.written COUNT : 0
rocksdb.bytes.read COUNT : 0
rocksdb.number.db.seek COUNT : 0
rocksdb.number.db.next COUNT : 0
rocksdb.number.db.prev COUNT : 0
rocksdb.number.db.seek.found COUNT : 0
rocksdb.number.db.next.found COUNT : 0
rocksdb.number.db.prev.found COUNT : 0
rocksdb.db.iter.bytes.read COUNT : 0
rocksdb.no.file.closes COUNT : 0
rocksdb.no.file.opens COUNT : 5
rocksdb.no.file.errors COUNT : 0
rocksdb.l0.slowdown.micros COUNT : 0
rocksdb.memtable.compaction.micros COUNT : 0
rocksdb.l0.num.files.stall.micros COUNT : 0
