2020/09/04-23:22:51.193990 7000030b8000 RocksDB version: 5.18.3
2020/09/04-23:22:51.194032 7000030b8000 Git sha rocksdb_build_git_sha:641fae60f63619ed5d0c9d9e4c4ea5a0ffa3e253
2020/09/04-23:22:51.194034 7000030b8000 Compile date Apr 20 2019
2020/09/04-23:22:51.194035 7000030b8000 DB SUMMARY
2020/09/04-23:22:51.194083 7000030b8000 CURRENT file:  CURRENT
2020/09/04-23:22:51.194085 7000030b8000 IDENTITY file:  IDENTITY
2020/09/04-23:22:51.194090 7000030b8000 MANIFEST file:  MANIFEST-000055 size: 541 Bytes
2020/09/04-23:22:51.194091 7000030b8000 SST files in ${project.build.sourceDirectory}/server1/raft_data_region_-1_8891/log dir, Total Num: 2, files: 000060.sst 000061.sst 
2020/09/04-23:22:51.194092 7000030b8000 Write Ahead Log file in ${project.build.sourceDirectory}/server1/raft_data_region_-1_8891/log: 000057.log size: 575 ; 
2020/09/04-23:22:51.194094 7000030b8000                         Options.error_if_exists: 0
2020/09/04-23:22:51.194095 7000030b8000                       Options.create_if_missing: 1
2020/09/04-23:22:51.194096 7000030b8000                         Options.paranoid_checks: 1
2020/09/04-23:22:51.194097 7000030b8000                                     Options.env: 0x111d5fe08
2020/09/04-23:22:51.194097 7000030b8000                                Options.info_log: 0x7ff649440490
2020/09/04-23:22:51.194098 7000030b8000                Options.max_file_opening_threads: 16
2020/09/04-23:22:51.194099 7000030b8000                              Options.statistics: 0x7ff649436040
2020/09/04-23:22:51.194099 7000030b8000                               Options.use_fsync: 0
2020/09/04-23:22:51.194100 7000030b8000                       Options.max_log_file_size: 0
2020/09/04-23:22:51.194101 7000030b8000                  Options.max_manifest_file_size: 1073741824
2020/09/04-23:22:51.194101 7000030b8000                   Options.log_file_time_to_roll: 0
2020/09/04-23:22:51.194102 7000030b8000                       Options.keep_log_file_num: 1000
2020/09/04-23:22:51.194103 7000030b8000                    Options.recycle_log_file_num: 0
2020/09/04-23:22:51.194103 7000030b8000                         Options.allow_fallocate: 1
2020/09/04-23:22:51.194104 7000030b8000                        Options.allow_mmap_reads: 0
2020/09/04-23:22:51.194104 7000030b8000                       Options.allow_mmap_writes: 0
2020/09/04-23:22:51.194105 7000030b8000                        Options.use_direct_reads: 0
2020/09/04-23:22:51.194106 7000030b8000                        Options.use_direct_io_for_flush_and_compaction: 0
2020/09/04-23:22:51.194106 7000030b8000          Options.create_missing_column_families: 1
2020/09/04-23:22:51.194107 7000030b8000                              Options.db_log_dir: 
2020/09/04-23:22:51.194107 7000030b8000                                 Options.wal_dir: ${project.build.sourceDirectory}/server1/raft_data_region_-1_8891/log
2020/09/04-23:22:51.194108 7000030b8000                Options.table_cache_numshardbits: 6
2020/09/04-23:22:51.194109 7000030b8000                      Options.max_subcompactions: 1
2020/09/04-23:22:51.194109 7000030b8000                  Options.max_background_flushes: 1
2020/09/04-23:22:51.194110 7000030b8000                         Options.WAL_ttl_seconds: 0
2020/09/04-23:22:51.194110 7000030b8000                       Options.WAL_size_limit_MB: 0
2020/09/04-23:22:51.194111 7000030b8000             Options.manifest_preallocation_size: 4194304
2020/09/04-23:22:51.194112 7000030b8000                     Options.is_fd_close_on_exec: 1
2020/09/04-23:22:51.194112 7000030b8000                   Options.advise_random_on_open: 1
2020/09/04-23:22:51.194113 7000030b8000                    Options.db_write_buffer_size: 0
2020/09/04-23:22:51.194114 7000030b8000                    Options.write_buffer_manager: 0x7ff649440440
2020/09/04-23:22:51.194114 7000030b8000         Options.access_hint_on_compaction_start: 1
2020/09/04-23:22:51.194115 7000030b8000  Options.new_table_reader_for_compaction_inputs: 0
2020/09/04-23:22:51.194115 7000030b8000           Options.random_access_max_buffer_size: 1048576
2020/09/04-23:22:51.194116 7000030b8000                      Options.use_adaptive_mutex: 0
2020/09/04-23:22:51.194132 7000030b8000                            Options.rate_limiter: 0x0
2020/09/04-23:22:51.194135 7000030b8000     Options.sst_file_manager.rate_bytes_per_sec: 0
2020/09/04-23:22:51.194136 7000030b8000                       Options.wal_recovery_mode: 2
2020/09/04-23:22:51.194136 7000030b8000                  Options.enable_thread_tracking: 0
2020/09/04-23:22:51.194138 7000030b8000                  Options.enable_pipelined_write: 0
2020/09/04-23:22:51.194139 7000030b8000         Options.allow_concurrent_memtable_write: 1
2020/09/04-23:22:51.194139 7000030b8000      Options.enable_write_thread_adaptive_yield: 1
2020/09/04-23:22:51.194140 7000030b8000             Options.write_thread_max_yield_usec: 100
2020/09/04-23:22:51.194140 7000030b8000            Options.write_thread_slow_yield_usec: 3
2020/09/04-23:22:51.194141 7000030b8000                               Options.row_cache: None
2020/09/04-23:22:51.194142 7000030b8000                              Options.wal_filter: None
2020/09/04-23:22:51.194142 7000030b8000             Options.avoid_flush_during_recovery: 0
2020/09/04-23:22:51.194143 7000030b8000             Options.allow_ingest_behind: 0
2020/09/04-23:22:51.194144 7000030b8000             Options.preserve_deletes: 0
2020/09/04-23:22:51.194144 7000030b8000             Options.two_write_queues: 0
2020/09/04-23:22:51.194145 7000030b8000             Options.manual_wal_flush: 0
2020/09/04-23:22:51.194145 7000030b8000             Options.max_background_jobs: 2
2020/09/04-23:22:51.194146 7000030b8000             Options.max_background_compactions: 4
2020/09/04-23:22:51.194147 7000030b8000             Options.avoid_flush_during_shutdown: 0
2020/09/04-23:22:51.194147 7000030b8000           Options.writable_file_max_buffer_size: 1048576
2020/09/04-23:22:51.194148 7000030b8000             Options.delayed_write_rate : 16777216
2020/09/04-23:22:51.194148 7000030b8000             Options.max_total_wal_size: 0
2020/09/04-23:22:51.194149 7000030b8000             Options.delete_obsolete_files_period_micros: 21600000000
2020/09/04-23:22:51.194150 7000030b8000                   Options.stats_dump_period_sec: 600
2020/09/04-23:22:51.194150 7000030b8000                          Options.max_open_files: -1
2020/09/04-23:22:51.194151 7000030b8000                          Options.bytes_per_sync: 0
2020/09/04-23:22:51.194152 7000030b8000                      Options.wal_bytes_per_sync: 0
2020/09/04-23:22:51.194152 7000030b8000       Options.compaction_readahead_size: 0
2020/09/04-23:22:51.194153 7000030b8000 Compression algorithms supported:
2020/09/04-23:22:51.194155 7000030b8000 	kZSTD supported: 1
2020/09/04-23:22:51.194156 7000030b8000 	kZlibCompression supported: 1
2020/09/04-23:22:51.194157 7000030b8000 	kXpressCompression supported: 0
2020/09/04-23:22:51.194157 7000030b8000 	kSnappyCompression supported: 1
2020/09/04-23:22:51.194158 7000030b8000 	kZSTDNotFinalCompression supported: 1
2020/09/04-23:22:51.194159 7000030b8000 	kLZ4HCCompression supported: 1
2020/09/04-23:22:51.194159 7000030b8000 	kLZ4Compression supported: 1
2020/09/04-23:22:51.194160 7000030b8000 	kBZip2Compression supported: 1
2020/09/04-23:22:51.194162 7000030b8000 Fast CRC32 supported: Not supported on x86
2020/09/04-23:22:51.194282 7000030b8000 [/version_set.cc:3508] Recovering from manifest file: MANIFEST-000055
2020/09/04-23:22:51.194313 7000030b8000 [/column_family.cc:474] --------------- Options for column family [default]:
2020/09/04-23:22:51.194315 7000030b8000               Options.comparator: leveldb.BytewiseComparator
2020/09/04-23:22:51.194316 7000030b8000           Options.merge_operator: StringAppendOperator
2020/09/04-23:22:51.194318 7000030b8000        Options.compaction_filter: None
2020/09/04-23:22:51.194319 7000030b8000        Options.compaction_filter_factory: None
2020/09/04-23:22:51.194319 7000030b8000         Options.memtable_factory: SkipListFactory
2020/09/04-23:22:51.194320 7000030b8000            Options.table_factory: BlockBasedTable
2020/09/04-23:22:51.194334 7000030b8000            table_factory options:   flush_block_policy_factory: FlushBlockBySizePolicyFactory (0x7ff649435350)
  cache_index_and_filter_blocks: 0
  cache_index_and_filter_blocks_with_high_priority: 1
  pin_l0_filter_and_index_blocks_in_cache: 1
  pin_top_level_index_and_filter: 1
  index_type: 2
  hash_index_allow_collision: 1
  checksum: 1
  no_block_cache: 0
  block_cache: 0x7ff649437ed8
  block_cache_name: LRUCache
  block_cache_options:
    capacity : 536870912
    num_shard_bits : 8
    strict_capacity_limit : 0
    memory_allocator : None
    high_pri_pool_ratio: 0.000
  block_cache_compressed: 0x0
  persistent_cache: 0x0
  block_size: 4096
  block_size_deviation: 10
  block_restart_interval: 16
  index_block_restart_interval: 1
  metadata_block_size: 8192
  partition_filters: 1
  use_delta_encoding: 1
  filter_policy: nullptr
  whole_key_filtering: 1
  verify_compression: 0
  read_amp_bytes_per_bit: 0
  format_version: 0
  enable_index_compression: 1
  block_align: 0
2020/09/04-23:22:51.194349 7000030b8000        Options.write_buffer_size: 134217728
2020/09/04-23:22:51.194350 7000030b8000  Options.max_write_buffer_number: 6
2020/09/04-23:22:51.194350 7000030b8000        Options.compression[0]: NoCompression
2020/09/04-23:22:51.194351 7000030b8000        Options.compression[1]: NoCompression
2020/09/04-23:22:51.194352 7000030b8000        Options.compression[2]: Snappy
2020/09/04-23:22:51.194353 7000030b8000        Options.compression[3]: Snappy
2020/09/04-23:22:51.194353 7000030b8000        Options.compression[4]: Snappy
2020/09/04-23:22:51.194354 7000030b8000        Options.compression[5]: Snappy
2020/09/04-23:22:51.194354 7000030b8000        Options.compression[6]: Snappy
2020/09/04-23:22:51.194355 7000030b8000                  Options.bottommost_compression: Disabled
2020/09/04-23:22:51.194356 7000030b8000       Options.prefix_extractor: rocksdb.FixedPrefix.8
2020/09/04-23:22:51.194356 7000030b8000   Options.memtable_insert_with_hint_prefix_extractor: nullptr
2020/09/04-23:22:51.194357 7000030b8000             Options.num_levels: 7
2020/09/04-23:22:51.194358 7000030b8000        Options.min_write_buffer_number_to_merge: 2
2020/09/04-23:22:51.194358 7000030b8000     Options.max_write_buffer_number_to_maintain: 0
2020/09/04-23:22:51.194359 7000030b8000            Options.bottommost_compression_opts.window_bits: -14
2020/09/04-23:22:51.194360 7000030b8000                  Options.bottommost_compression_opts.level: 32767
2020/09/04-23:22:51.194360 7000030b8000               Options.bottommost_compression_opts.strategy: 0
2020/09/04-23:22:51.194361 7000030b8000         Options.bottommost_compression_opts.max_dict_bytes: 0
2020/09/04-23:22:51.194361 7000030b8000         Options.bottommost_compression_opts.zstd_max_train_bytes: 0
2020/09/04-23:22:51.194362 7000030b8000                  Options.bottommost_compression_opts.enabled: false
2020/09/04-23:22:51.194363 7000030b8000            Options.compression_opts.window_bits: -14
2020/09/04-23:22:51.194363 7000030b8000                  Options.compression_opts.level: 32767
2020/09/04-23:22:51.194364 7000030b8000               Options.compression_opts.strategy: 0
2020/09/04-23:22:51.194365 7000030b8000         Options.compression_opts.max_dict_bytes: 0
2020/09/04-23:22:51.194365 7000030b8000         Options.compression_opts.zstd_max_train_bytes: 0
2020/09/04-23:22:51.194366 7000030b8000                  Options.compression_opts.enabled: false
2020/09/04-23:22:51.194367 7000030b8000      Options.level0_file_num_compaction_trigger: 2
2020/09/04-23:22:51.194367 7000030b8000          Options.level0_slowdown_writes_trigger: 20
2020/09/04-23:22:51.194368 7000030b8000              Options.level0_stop_writes_trigger: 40
2020/09/04-23:22:51.194368 7000030b8000                   Options.target_file_size_base: 67108864
2020/09/04-23:22:51.194369 7000030b8000             Options.target_file_size_multiplier: 1
2020/09/04-23:22:51.194370 7000030b8000                Options.max_bytes_for_level_base: 536870912
2020/09/04-23:22:51.194370 7000030b8000 Options.level_compaction_dynamic_level_bytes: 0
2020/09/04-23:22:51.194371 7000030b8000          Options.max_bytes_for_level_multiplier: 10.000000
2020/09/04-23:22:51.194383 7000030b8000 Options.max_bytes_for_level_multiplier_addtl[0]: 1
2020/09/04-23:22:51.194384 7000030b8000 Options.max_bytes_for_level_multiplier_addtl[1]: 1
2020/09/04-23:22:51.194384 7000030b8000 Options.max_bytes_for_level_multiplier_addtl[2]: 1
2020/09/04-23:22:51.194385 7000030b8000 Options.max_bytes_for_level_multiplier_addtl[3]: 1
2020/09/04-23:22:51.194386 7000030b8000 Options.max_bytes_for_level_multiplier_addtl[4]: 1
2020/09/04-23:22:51.194386 7000030b8000 Options.max_bytes_for_level_multiplier_addtl[5]: 1
2020/09/04-23:22:51.194387 7000030b8000 Options.max_bytes_for_level_multiplier_addtl[6]: 1
2020/09/04-23:22:51.194387 7000030b8000       Options.max_sequential_skip_in_iterations: 8
2020/09/04-23:22:51.194388 7000030b8000                    Options.max_compaction_bytes: 1677721600
2020/09/04-23:22:51.194389 7000030b8000                        Options.arena_block_size: 16777216
2020/09/04-23:22:51.194389 7000030b8000   Options.soft_pending_compaction_bytes_limit: 68719476736
2020/09/04-23:22:51.194390 7000030b8000   Options.hard_pending_compaction_bytes_limit: 274877906944
2020/09/04-23:22:51.194391 7000030b8000       Options.rate_limit_delay_max_milliseconds: 100
2020/09/04-23:22:51.194391 7000030b8000                Options.disable_auto_compactions: 0
2020/09/04-23:22:51.194392 7000030b8000                        Options.compaction_style: kCompactionStyleLevel
2020/09/04-23:22:51.194393 7000030b8000                          Options.compaction_pri: kByCompensatedSize
2020/09/04-23:22:51.194394 7000030b8000 Options.compaction_options_universal.size_ratio: 1
2020/09/04-23:22:51.194395 7000030b8000 Options.compaction_options_universal.min_merge_width: 2
2020/09/04-23:22:51.194395 7000030b8000 Options.compaction_options_universal.max_merge_width: 4294967295
2020/09/04-23:22:51.194396 7000030b8000 Options.compaction_options_universal.max_size_amplification_percent: 200
2020/09/04-23:22:51.194397 7000030b8000 Options.compaction_options_universal.compression_size_percent: -1
2020/09/04-23:22:51.194397 7000030b8000 Options.compaction_options_universal.stop_style: kCompactionStopStyleTotalSize
2020/09/04-23:22:51.194398 7000030b8000 Options.compaction_options_fifo.max_table_files_size: 1073741824
2020/09/04-23:22:51.194399 7000030b8000 Options.compaction_options_fifo.allow_compaction: 0
2020/09/04-23:22:51.194399 7000030b8000 Options.compaction_options_fifo.ttl: 0
2020/09/04-23:22:51.194400 7000030b8000                   Options.table_properties_collectors: 
2020/09/04-23:22:51.194401 7000030b8000                   Options.inplace_update_support: 0
2020/09/04-23:22:51.194401 7000030b8000                 Options.inplace_update_num_locks: 10000
2020/09/04-23:22:51.194402 7000030b8000               Options.memtable_prefix_bloom_size_ratio: 0.125000
2020/09/04-23:22:51.194403 7000030b8000   Options.memtable_huge_page_size: 0
2020/09/04-23:22:51.194404 7000030b8000                           Options.bloom_locality: 0
2020/09/04-23:22:51.194404 7000030b8000                    Options.max_successive_merges: 0
2020/09/04-23:22:51.194405 7000030b8000                Options.optimize_filters_for_hits: 0
2020/09/04-23:22:51.194405 7000030b8000                Options.paranoid_file_checks: 0
2020/09/04-23:22:51.194406 7000030b8000                Options.force_consistency_checks: 1
2020/09/04-23:22:51.194407 7000030b8000                Options.report_bg_io_stats: 0
2020/09/04-23:22:51.194407 7000030b8000                               Options.ttl: 0
2020/09/04-23:22:51.200049 7000030b8000 [/column_family.cc:474] --------------- Options for column family [Configuration]:
2020/09/04-23:22:51.200055 7000030b8000               Options.comparator: leveldb.BytewiseComparator
2020/09/04-23:22:51.200057 7000030b8000           Options.merge_operator: StringAppendOperator
2020/09/04-23:22:51.200058 7000030b8000        Options.compaction_filter: None
2020/09/04-23:22:51.200058 7000030b8000        Options.compaction_filter_factory: None
2020/09/04-23:22:51.200086 7000030b8000         Options.memtable_factory: SkipListFactory
2020/09/04-23:22:51.200087 7000030b8000            Options.table_factory: BlockBasedTable
2020/09/04-23:22:51.200101 7000030b8000            table_factory options:   flush_block_policy_factory: FlushBlockBySizePolicyFactory (0x7ff649435350)
  cache_index_and_filter_blocks: 0
  cache_index_and_filter_blocks_with_high_priority: 1
  pin_l0_filter_and_index_blocks_in_cache: 1
  pin_top_level_index_and_filter: 1
  index_type: 2
  hash_index_allow_collision: 1
  checksum: 1
  no_block_cache: 0
  block_cache: 0x7ff649437ed8
  block_cache_name: LRUCache
  block_cache_options:
    capacity : 536870912
    num_shard_bits : 8
    strict_capacity_limit : 0
    memory_allocator : None
    high_pri_pool_ratio: 0.000
  block_cache_compressed: 0x0
  persistent_cache: 0x0
  block_size: 4096
  block_size_deviation: 10
  block_restart_interval: 16
  index_block_restart_interval: 1
  metadata_block_size: 8192
  partition_filters: 1
  use_delta_encoding: 1
  filter_policy: nullptr
  whole_key_filtering: 1
  verify_compression: 0
  read_amp_bytes_per_bit: 0
  format_version: 0
  enable_index_compression: 1
  block_align: 0
2020/09/04-23:22:51.200103 7000030b8000        Options.write_buffer_size: 134217728
2020/09/04-23:22:51.200103 7000030b8000  Options.max_write_buffer_number: 6
2020/09/04-23:22:51.200104 7000030b8000        Options.compression[0]: NoCompression
2020/09/04-23:22:51.200105 7000030b8000        Options.compression[1]: NoCompression
2020/09/04-23:22:51.200106 7000030b8000        Options.compression[2]: Snappy
2020/09/04-23:22:51.200106 7000030b8000        Options.compression[3]: Snappy
2020/09/04-23:22:51.200107 7000030b8000        Options.compression[4]: Snappy
2020/09/04-23:22:51.200107 7000030b8000        Options.compression[5]: Snappy
2020/09/04-23:22:51.200108 7000030b8000        Options.compression[6]: Snappy
2020/09/04-23:22:51.200109 7000030b8000                  Options.bottommost_compression: Disabled
2020/09/04-23:22:51.200109 7000030b8000       Options.prefix_extractor: rocksdb.FixedPrefix.8
2020/09/04-23:22:51.200110 7000030b8000   Options.memtable_insert_with_hint_prefix_extractor: nullptr
2020/09/04-23:22:51.200111 7000030b8000             Options.num_levels: 7
2020/09/04-23:22:51.200111 7000030b8000        Options.min_write_buffer_number_to_merge: 2
2020/09/04-23:22:51.200112 7000030b8000     Options.max_write_buffer_number_to_maintain: 0
2020/09/04-23:22:51.200113 7000030b8000            Options.bottommost_compression_opts.window_bits: -14
2020/09/04-23:22:51.200113 7000030b8000                  Options.bottommost_compression_opts.level: 32767
2020/09/04-23:22:51.200114 7000030b8000               Options.bottommost_compression_opts.strategy: 0
2020/09/04-23:22:51.200115 7000030b8000         Options.bottommost_compression_opts.max_dict_bytes: 0
2020/09/04-23:22:51.200115 7000030b8000         Options.bottommost_compression_opts.zstd_max_train_bytes: 0
2020/09/04-23:22:51.200116 7000030b8000                  Options.bottommost_compression_opts.enabled: false
2020/09/04-23:22:51.200117 7000030b8000            Options.compression_opts.window_bits: -14
2020/09/04-23:22:51.200117 7000030b8000                  Options.compression_opts.level: 32767
2020/09/04-23:22:51.200118 7000030b8000               Options.compression_opts.strategy: 0
2020/09/04-23:22:51.200118 7000030b8000         Options.compression_opts.max_dict_bytes: 0
2020/09/04-23:22:51.200119 7000030b8000         Options.compression_opts.zstd_max_train_bytes: 0
2020/09/04-23:22:51.200120 7000030b8000                  Options.compression_opts.enabled: false
2020/09/04-23:22:51.200120 7000030b8000      Options.level0_file_num_compaction_trigger: 2
2020/09/04-23:22:51.200121 7000030b8000          Options.level0_slowdown_writes_trigger: 20
2020/09/04-23:22:51.200122 7000030b8000              Options.level0_stop_writes_trigger: 40
2020/09/04-23:22:51.200122 7000030b8000                   Options.target_file_size_base: 67108864
2020/09/04-23:22:51.200123 7000030b8000             Options.target_file_size_multiplier: 1
2020/09/04-23:22:51.200134 7000030b8000                Options.max_bytes_for_level_base: 536870912
2020/09/04-23:22:51.200135 7000030b8000 Options.level_compaction_dynamic_level_bytes: 0
2020/09/04-23:22:51.200135 7000030b8000          Options.max_bytes_for_level_multiplier: 10.000000
2020/09/04-23:22:51.200136 7000030b8000 Options.max_bytes_for_level_multiplier_addtl[0]: 1
2020/09/04-23:22:51.200137 7000030b8000 Options.max_bytes_for_level_multiplier_addtl[1]: 1
2020/09/04-23:22:51.200138 7000030b8000 Options.max_bytes_for_level_multiplier_addtl[2]: 1
2020/09/04-23:22:51.200138 7000030b8000 Options.max_bytes_for_level_multiplier_addtl[3]: 1
2020/09/04-23:22:51.200139 7000030b8000 Options.max_bytes_for_level_multiplier_addtl[4]: 1
2020/09/04-23:22:51.200140 7000030b8000 Options.max_bytes_for_level_multiplier_addtl[5]: 1
2020/09/04-23:22:51.200140 7000030b8000 Options.max_bytes_for_level_multiplier_addtl[6]: 1
2020/09/04-23:22:51.200141 7000030b8000       Options.max_sequential_skip_in_iterations: 8
2020/09/04-23:22:51.200142 7000030b8000                    Options.max_compaction_bytes: 1677721600
2020/09/04-23:22:51.200142 7000030b8000                        Options.arena_block_size: 16777216
2020/09/04-23:22:51.200143 7000030b8000   Options.soft_pending_compaction_bytes_limit: 68719476736
2020/09/04-23:22:51.200143 7000030b8000   Options.hard_pending_compaction_bytes_limit: 274877906944
2020/09/04-23:22:51.200144 7000030b8000       Options.rate_limit_delay_max_milliseconds: 100
2020/09/04-23:22:51.200145 7000030b8000                Options.disable_auto_compactions: 0
2020/09/04-23:22:51.200146 7000030b8000                        Options.compaction_style: kCompactionStyleLevel
2020/09/04-23:22:51.200147 7000030b8000                          Options.compaction_pri: kByCompensatedSize
2020/09/04-23:22:51.200147 7000030b8000 Options.compaction_options_universal.size_ratio: 1
2020/09/04-23:22:51.200148 7000030b8000 Options.compaction_options_universal.min_merge_width: 2
2020/09/04-23:22:51.200149 7000030b8000 Options.compaction_options_universal.max_merge_width: 4294967295
2020/09/04-23:22:51.200149 7000030b8000 Options.compaction_options_universal.max_size_amplification_percent: 200
2020/09/04-23:22:51.200150 7000030b8000 Options.compaction_options_universal.compression_size_percent: -1
2020/09/04-23:22:51.200151 7000030b8000 Options.compaction_options_universal.stop_style: kCompactionStopStyleTotalSize
2020/09/04-23:22:51.200151 7000030b8000 Options.compaction_options_fifo.max_table_files_size: 1073741824
2020/09/04-23:22:51.200152 7000030b8000 Options.compaction_options_fifo.allow_compaction: 0
2020/09/04-23:22:51.200153 7000030b8000 Options.compaction_options_fifo.ttl: 0
2020/09/04-23:22:51.200153 7000030b8000                   Options.table_properties_collectors: 
2020/09/04-23:22:51.200154 7000030b8000                   Options.inplace_update_support: 0
2020/09/04-23:22:51.200155 7000030b8000                 Options.inplace_update_num_locks: 10000
2020/09/04-23:22:51.200155 7000030b8000               Options.memtable_prefix_bloom_size_ratio: 0.125000
2020/09/04-23:22:51.200156 7000030b8000   Options.memtable_huge_page_size: 0
2020/09/04-23:22:51.200157 7000030b8000                           Options.bloom_locality: 0
2020/09/04-23:22:51.200159 7000030b8000                    Options.max_successive_merges: 0
2020/09/04-23:22:51.200160 7000030b8000                Options.optimize_filters_for_hits: 0
2020/09/04-23:22:51.200161 7000030b8000                Options.paranoid_file_checks: 0
2020/09/04-23:22:51.200161 7000030b8000                Options.force_consistency_checks: 1
2020/09/04-23:22:51.200162 7000030b8000                Options.report_bg_io_stats: 0
2020/09/04-23:22:51.200162 7000030b8000                               Options.ttl: 0
2020/09/04-23:22:51.206231 7000030b8000 [/version_set.cc:3724] Recovered from manifest file:${project.build.sourceDirectory}/server1/raft_data_region_-1_8891/log/MANIFEST-000055 succeeded,manifest_file_number is 55, next_file_number is 63, last_sequence is 33, log_number is 0,prev_log_number is 0,max_column_family is 1,min_log_number_to_keep is 0
2020/09/04-23:22:51.206257 7000030b8000 [/version_set.cc:3732] Column family [default] (ID 0), log number is 54
2020/09/04-23:22:51.206259 7000030b8000 [/version_set.cc:3732] Column family [Configuration] (ID 1), log number is 54
2020/09/04-23:22:51.206383 7000030b8000 EVENT_LOG_v1 {"time_micros": 1599286971206373, "job": 1, "event": "recovery_started", "log_files": [57]}
2020/09/04-23:22:51.206391 7000030b8000 [/db_impl_open.cc:578] Recovering log #57 mode 2
2020/09/04-23:22:51.206909 7000030b8000 EVENT_LOG_v1 {"time_micros": 1599286971206902, "cf_name": "default", "job": 1, "event": "table_file_creation", "file_number": 63, "file_size": 1050, "table_properties": {"data_size": 242, "index_size": 51, "filter_size": 0, "raw_key_size": 64, "raw_average_key_size": 21, "raw_value_size": 194, "raw_average_value_size": 64, "num_data_blocks": 1, "num_entries": 3, "filter_policy_name": ""}}
2020/09/04-23:22:51.207594 7000030b8000 [/version_set.cc:3037] Creating manifest 64
2020/09/04-23:22:51.208495 7000030b8000 EVENT_LOG_v1 {"time_micros": 1599286971208486, "cf_name": "Configuration", "job": 1, "event": "table_file_creation", "file_number": 65, "file_size": 1056, "table_properties": {"data_size": 242, "index_size": 51, "filter_size": 0, "raw_key_size": 64, "raw_average_key_size": 21, "raw_value_size": 194, "raw_average_value_size": 64, "num_data_blocks": 1, "num_entries": 3, "filter_policy_name": ""}}
2020/09/04-23:22:51.209403 7000030b8000 EVENT_LOG_v1 {"time_micros": 1599286971209397, "job": 1, "event": "recovery_finished"}
2020/09/04-23:22:51.212577 7000030b8000 [/db_impl_open.cc:1314] DB pointer 0x7ff6398bc800
2020/09/04-23:22:51.212813 700005cc8000 [WARN] [/db_impl.cc:669] ------- DUMPING STATS -------
2020/09/04-23:22:51.212820 700005cc8000 [WARN] [/db_impl.cc:670] 
** DB Stats **
Uptime(secs): 0.0 total, 0.0 interval
Cumulative writes: 0 writes, 0 keys, 0 commit groups, 0.0 writes per commit group, ingest: 0.00 GB, 0.00 MB/s
Cumulative WAL: 0 writes, 0 syncs, 0.00 writes per sync, written: 0.00 GB, 0.00 MB/s
Cumulative stall: 00:00:0.000 H:M:S, 0.0 percent
Interval writes: 0 writes, 0 keys, 0 commit groups, 0.0 writes per commit group, ingest: 0.00 MB, 0.00 MB/s
Interval WAL: 0 writes, 0 syncs, 0.00 writes per sync, written: 0.00 MB, 0.00 MB/s
Interval stall: 00:00:0.000 H:M:S, 0.0 percent

** Compaction Stats [default] **
Level    Files   Size     Score Read(GB)  Rn(GB) Rnp1(GB) Write(GB) Wnew(GB) Moved(GB) W-Amp Rd(MB/s) Wr(MB/s) Comp(sec) Comp(cnt) Avg(sec) KeyIn KeyDrop
----------------------------------------------------------------------------------------------------------------------------------------------------------
  L0      1/0    1.03 KB   0.5      0.0     0.0      0.0       0.0      0.0       0.0   1.0      0.0      2.6         0         1    0.000       0      0
  L1      1/0    1.39 KB   0.0      0.0     0.0      0.0       0.0      0.0       0.0   0.0      0.0      0.0         0         0    0.000       0      0
 Sum      2/0    2.42 KB   0.0      0.0     0.0      0.0       0.0      0.0       0.0   1.0      0.0      2.6         0         1    0.000       0      0
 Int      0/0    0.00 KB   0.0      0.0     0.0      0.0       0.0      0.0       0.0   1.0      0.0      2.6         0         1    0.000       0      0
Uptime(secs): 0.0 total, 0.0 interval
Flush(GB): cumulative 0.000, interval 0.000
AddFile(GB): cumulative 0.000, interval 0.000
AddFile(Total Files): cumulative 0, interval 0
AddFile(L0 Files): cumulative 0, interval 0
AddFile(Keys): cumulative 0, interval 0
Cumulative compaction: 0.00 GB write, 0.05 MB/s write, 0.00 GB read, 0.00 MB/s read, 0.0 seconds
Interval compaction: 0.00 GB write, 0.05 MB/s write, 0.00 GB read, 0.00 MB/s read, 0.0 seconds
Stalls(count): 0 level0_slowdown, 0 level0_slowdown_with_compaction, 0 level0_numfiles, 0 level0_numfiles_with_compaction, 0 stop for pending_compaction_bytes, 0 slowdown for pending_compaction_bytes, 0 memtable_compaction, 0 memtable_slowdown, interval 0 total count

** File Read Latency Histogram By Level [default] **
** Level 0 read latency histogram (micros):
Count: 6 Average: 1.3333  StdDev: 0.47
Min: 1  Median: 1.0000  Max: 2
Percentiles: P50: 1.00 P75: 1.25 P99: 1.97 P99.9: 2.00 P99.99: 2.00
------------------------------------------------------
[       0,       1 ]        4  66.667%  66.667% #############
(       1,       2 ]        2  33.333% 100.000% #######

** Level 1 read latency histogram (micros):
Count: 4 Average: 58.5000  StdDev: 99.59
Min: 1  Median: 1.0000  Max: 231
Percentiles: P50: 1.00 P75: 1.00 P99: 231.00 P99.9: 231.00 P99.99: 231.00
------------------------------------------------------
[       0,       1 ]        3  75.000%  75.000% ###############
(     170,     250 ]        1  25.000% 100.000% #####


** Compaction Stats [Configuration] **
Level    Files   Size     Score Read(GB)  Rn(GB) Rnp1(GB) Write(GB) Wnew(GB) Moved(GB) W-Amp Rd(MB/s) Wr(MB/s) Comp(sec) Comp(cnt) Avg(sec) KeyIn KeyDrop
----------------------------------------------------------------------------------------------------------------------------------------------------------
  L0      1/0    1.03 KB   0.5      0.0     0.0      0.0       0.0      0.0       0.0   1.0      0.0      3.1         0         1    0.000       0      0
  L1      1/0    1.44 KB   0.0      0.0     0.0      0.0       0.0      0.0       0.0   0.0      0.0      0.0         0         0    0.000       0      0
 Sum      2/0    2.47 KB   0.0      0.0     0.0      0.0       0.0      0.0       0.0   1.0      0.0      3.1         0         1    0.000       0      0
 Int      0/0    0.00 KB   0.0      0.0     0.0      0.0       0.0      0.0       0.0   1.0      0.0      3.1         0         1    0.000       0      0
Uptime(secs): 0.0 total, 0.0 interval
Flush(GB): cumulative 0.000, interval 0.000
AddFile(GB): cumulative 0.000, interval 0.000
AddFile(Total Files): cumulative 0, interval 0
AddFile(L0 Files): cumulative 0, interval 0
AddFile(Keys): cumulative 0, interval 0
Cumulative compaction: 0.00 GB write, 0.08 MB/s write, 0.00 GB read, 0.00 MB/s read, 0.0 seconds
Interval compaction: 0.00 GB write, 0.08 MB/s write, 0.00 GB read, 0.00 MB/s read, 0.0 seconds
Stalls(count): 0 level0_slowdown, 0 level0_slowdown_with_compaction, 0 level0_numfiles, 0 level0_numfiles_with_compaction, 0 stop for pending_compaction_bytes, 0 slowdown for pending_compaction_bytes, 0 memtable_compaction, 0 memtable_slowdown, interval 0 total count

** File Read Latency Histogram By Level [Configuration] **
** Level 0 read latency histogram (micros):
Count: 6 Average: 1.0000  StdDev: 0.82
Min: 0  Median: 0.7500  Max: 2
Percentiles: P50: 0.75 P75: 1.25 P99: 1.97 P99.9: 2.00 P99.99: 2.00
------------------------------------------------------
[       0,       1 ]        4  66.667%  66.667% #############
(       1,       2 ]        2  33.333% 100.000% #######

** Level 1 read latency histogram (micros):
Count: 4 Average: 65.0000  StdDev: 112.01
Min: 0  Median: 0.6667  Max: 259
Percentiles: P50: 0.67 P75: 1.00 P99: 259.00 P99.9: 259.00 P99.99: 259.00
------------------------------------------------------
[       0,       1 ]        3  75.000%  75.000% ###############
(     250,     380 ]        1  25.000% 100.000% #####


** Compaction Stats [default] **
Level    Files   Size     Score Read(GB)  Rn(GB) Rnp1(GB) Write(GB) Wnew(GB) Moved(GB) W-Amp Rd(MB/s) Wr(MB/s) Comp(sec) Comp(cnt) Avg(sec) KeyIn KeyDrop
----------------------------------------------------------------------------------------------------------------------------------------------------------
  L0      1/0    1.03 KB   0.5      0.0     0.0      0.0       0.0      0.0       0.0   1.0      0.0      2.6         0         1    0.000       0      0
  L1      1/0    1.39 KB   0.0      0.0     0.0      0.0       0.0      0.0       0.0   0.0      0.0      0.0         0         0    0.000       0      0
 Sum      2/0    2.42 KB   0.0      0.0     0.0      0.0       0.0      0.0       0.0   1.0      0.0      2.6         0         1    0.000       0      0
 Int      0/0    0.00 KB   0.0      0.0     0.0      0.0       0.0      0.0       0.0   0.0      0.0      0.0         0         0    0.000       0      0
Uptime(secs): 0.0 total, 0.0 interval
Flush(GB): cumulative 0.000, interval 0.000
AddFile(GB): cumulative 0.000, interval 0.000
AddFile(Total Files): cumulative 0, interval 0
AddFile(L0 Files): cumulative 0, interval 0
AddFile(Keys): cumulative 0, interval 0
Cumulative compaction: 0.00 GB write, 0.05 MB/s write, 0.00 GB read, 0.00 MB/s read, 0.0 seconds
Interval compaction: 0.00 GB write, 0.00 MB/s write, 0.00 GB read, 0.00 MB/s read, 0.0 seconds
Stalls(count): 0 level0_slowdown, 0 level0_slowdown_with_compaction, 0 level0_numfiles, 0 level0_numfiles_with_compaction, 0 stop for pending_compaction_bytes, 0 slowdown for pending_compaction_bytes, 0 memtable_compaction, 0 memtable_slowdown, interval 0 total count

** File Read Latency Histogram By Level [default] **
** Level 0 read latency histogram (micros):
Count: 6 Average: 1.3333  StdDev: 0.47
Min: 1  Median: 1.0000  Max: 2
Percentiles: P50: 1.00 P75: 1.25 P99: 1.97 P99.9: 2.00 P99.99: 2.00
------------------------------------------------------
[       0,       1 ]        4  66.667%  66.667% #############
(       1,       2 ]        2  33.333% 100.000% #######

** Level 1 read latency histogram (micros):
Count: 4 Average: 58.5000  StdDev: 99.59
Min: 1  Median: 1.0000  Max: 231
Percentiles: P50: 1.00 P75: 1.00 P99: 231.00 P99.9: 231.00 P99.99: 231.00
------------------------------------------------------
[       0,       1 ]        3  75.000%  75.000% ###############
(     170,     250 ]        1  25.000% 100.000% #####


** Compaction Stats [Configuration] **
Level    Files   Size     Score Read(GB)  Rn(GB) Rnp1(GB) Write(GB) Wnew(GB) Moved(GB) W-Amp Rd(MB/s) Wr(MB/s) Comp(sec) Comp(cnt) Avg(sec) KeyIn KeyDrop
----------------------------------------------------------------------------------------------------------------------------------------------------------
  L0      1/0    1.03 KB   0.5      0.0     0.0      0.0       0.0      0.0       0.0   1.0      0.0      3.1         0         1    0.000       0      0
  L1      1/0    1.44 KB   0.0      0.0     0.0      0.0       0.0      0.0       0.0   0.0      0.0      0.0         0         0    0.000       0      0
 Sum      2/0    2.47 KB   0.0      0.0     0.0      0.0       0.0      0.0       0.0   1.0      0.0      3.1         0         1    0.000       0      0
 Int      0/0    0.00 KB   0.0      0.0     0.0      0.0       0.0      0.0       0.0   0.0      0.0      0.0         0         0    0.000       0      0
Uptime(secs): 0.0 total, 0.0 interval
Flush(GB): cumulative 0.000, interval 0.000
AddFile(GB): cumulative 0.000, interval 0.000
AddFile(Total Files): cumulative 0, interval 0
AddFile(L0 Files): cumulative 0, interval 0
AddFile(Keys): cumulative 0, interval 0
Cumulative compaction: 0.00 GB write, 0.08 MB/s write, 0.00 GB read, 0.00 MB/s read, 0.0 seconds
Interval compaction: 0.00 GB write, 0.00 MB/s write, 0.00 GB read, 0.00 MB/s read, 0.0 seconds
Stalls(count): 0 level0_slowdown, 0 level0_slowdown_with_compaction, 0 level0_numfiles, 0 level0_numfiles_with_compaction, 0 stop for pending_compaction_bytes, 0 slowdown for pending_compaction_bytes, 0 memtable_compaction, 0 memtable_slowdown, interval 0 total count

** File Read Latency Histogram By Level [Configuration] **
** Level 0 read latency histogram (micros):
Count: 6 Average: 1.0000  StdDev: 0.82
Min: 0  Median: 0.7500  Max: 2
Percentiles: P50: 0.75 P75: 1.25 P99: 1.97 P99.9: 2.00 P99.99: 2.00
------------------------------------------------------
[       0,       1 ]        4  66.667%  66.667% #############
(       1,       2 ]        2  33.333% 100.000% #######

** Level 1 read latency histogram (micros):
Count: 4 Average: 65.0000  StdDev: 112.01
Min: 0  Median: 0.6667  Max: 259
Percentiles: P50: 0.67 P75: 1.00 P99: 259.00 P99.9: 259.00 P99.99: 259.00
------------------------------------------------------
[       0,       1 ]        3  75.000%  75.000% ###############
(     250,     380 ]        1  25.000% 100.000% #####

2020/09/04-23:22:51.213316 700005cc8000 [WARN] [/db_impl.cc:617] STATISTICS:
 rocksdb.block.cache.miss COUNT : 4
rocksdb.block.cache.hit COUNT : 0
rocksdb.block.cache.add COUNT : 4
rocksdb.block.cache.add.failures COUNT : 0
rocksdb.block.cache.index.miss COUNT : 2
rocksdb.block.cache.index.hit COUNT : 0
rocksdb.block.cache.index.add COUNT : 2
rocksdb.block.cache.index.bytes.insert COUNT : 206
rocksdb.block.cache.index.bytes.evict COUNT : 0
rocksdb.block.cache.filter.miss COUNT : 0
rocksdb.block.cache.filter.hit COUNT : 0
rocksdb.block.cache.filter.add COUNT : 0
rocksdb.block.cache.filter.bytes.insert COUNT : 0
rocksdb.block.cache.filter.bytes.evict COUNT : 0
rocksdb.block.cache.data.miss COUNT : 2
rocksdb.block.cache.data.hit COUNT : 0
rocksdb.block.cache.data.add COUNT : 2
rocksdb.block.cache.data.bytes.insert COUNT : 230
rocksdb.block.cache.bytes.read COUNT : 0
rocksdb.block.cache.bytes.write COUNT : 436
rocksdb.bloom.filter.useful COUNT : 0
rocksdb.bloom.filter.full.positive COUNT : 0
rocksdb.bloom.filter.full.true.positive COUNT : 0
rocksdb.persistent.cache.hit COUNT : 0
rocksdb.persistent.cache.miss COUNT : 0
rocksdb.sim.block.cache.hit COUNT : 0
rocksdb.sim.block.cache.miss COUNT : 0
rocksdb.memtable.hit COUNT : 0
rocksdb.memtable.miss COUNT : 0
rocksdb.l0.hit COUNT : 0
rocksdb.l1.hit COUNT : 0
rocksdb.l2andup.hit COUNT : 0
rocksdb.compaction.key.drop.new COUNT : 0
rocksdb.compaction.key.drop.obsolete COUNT : 0
rocksdb.compaction.key.drop.range_del COUNT : 0
rocksdb.compaction.key.drop.user COUNT : 0
rocksdb.compaction.range_del.drop.obsolete COUNT : 0
rocksdb.compaction.optimized.del.drop.obsolete COUNT : 0
rocksdb.compaction.cancelled COUNT : 0
rocksdb.number.keys.written COUNT : 0
rocksdb.number.keys.read COUNT : 0
rocksdb.number.keys.updated COUNT : 0
rocksdb.bytes.written COUNT : 0
rocksdb.bytes.read COUNT : 0
rocksdb.number.db.seek COUNT : 0
rocksdb.number.db.next COUNT : 0
rocksdb.number.db.prev COUNT : 0
rocksdb.number.db.seek.found COUNT : 0
rocksdb.number.db.next.found COUNT : 0
rocksdb.number.db.prev.found COUNT : 0
rocksdb.db.iter.bytes.read COUNT : 0
rocksdb.no.file.closes COUNT : 0
rocksdb.no.file.opens COUNT : 4
rocksdb.no.file.errors COUNT : 0
rocksdb.l0.slowdown.micros COUNT : 0
rocksdb.memtable.compaction.micros COUNT : 0
rocksdb.l0.num.files.stall.micros COUNT : 0
rocksdb.stall.micros COUNT : 0
rocksdb.db.mutex.wait.micros COUNT : 0
rocksdb.rate.limit.delay.millis COUNT : 0
rocksdb.num.iterators COUNT : 0
rocksdb.number.multiget.get COUNT : 0
rocksdb.number.multiget.keys.read COUNT : 0
rocksdb.number.multiget.bytes.read COUNT : 0
rocksdb.number.deletes.filtered COUNT : 0
rocksdb.number.merge.failures COUNT : 0
rocksdb.bloom.filter.prefix.checked COUNT : 0
rocksdb.bloom.filter.prefix.useful COUNT : 0
rocksdb.number.reseeks.iteration COUNT : 0
rocksdb.getupdatessince.calls COUNT : 0
rocksdb.block.cachecompressed.miss COUNT : 0
rocksdb.block.cachecompressed.hit COUNT : 0
rocksdb.block.cachecompressed.add COUNT : 0
rocksdb.block.cachecompressed.add.failures COUNT : 0
rocksdb.wal.synced COUNT : 0
